ttt <- c(1,2,3,4)
ddd
rr